w0: -0.8210050225016479
w1: 1.880900647540603
w2: 1.0858721113235326
w3: -1.6636992440905733
w4: -11.13433970963785
w5: 3.1166000159993263
w6: -3.944860156813866
w7: 2.650797411946317
w8: 1.111411654789174
w9: -12.662587220768904
w10: 1.50576130870656
w11: -0.9424652160611868
w12: -18.41548352889438
w13: 4.179529989022992
w14: -0.3673739949151267
w15: -0.3272273527331864
w16: -26.124005277489953
w17: 15.069347627282644
w18: -1.9800934660374812
w19: 1.2371384138210393
