w0: -0.48032600583499446
w1: 0.43826455309614654
w2: 0.3297199724346414
w3: -0.6792158663128052
w4: -13.188839765193409
w5: 0.6862779659993078
w6: -0.6284040234805482
w7: 0.03198209527959511
w8: -1.8015058785441762
w9: -0.023705906880003624
w10: 0.6803394253731854
w11: -0.7522680993945409
w12: -14.449116528894383
w13: 1.9997228556896445
w14: -0.009858361581795094
w15: -0.40424144717763194
w16: -6.0267915886010375
w17: 3.2542096606159716
w18: -0.1971440104819488
w19: -0.13969438895674519
